DATE:2026-05-28
1
10
101
1030301
105600
105601
108600
108604
11
1118200
1118201
1142330
1144201
1149644
1151700
1206561
1238841
1238853
1502661
1523211
1619311
1659041
1677741
16901
1716751
1718871
1868141
1899671
2
2060162
220201
220204
220209
220211
220212
220213
220214
220216
221100
221101
221102
228982
228983
228984
228985
228986
228987
228988
228989
228990
229000
229001
229002
229003
229004
229005
229006
229007
2347770
2347771
2347774
243471
243480
243489
2492320
250900
250902
250905
250908
250911
2677020
271591
271592
271593
271594
271595
2835572
283740
283743
2841140
293054
293055
293057
293059
293061
293065
293066
293067
294100
294104
294106
294110
294114
3
322330
322331
3240221
3240222
3240223
3240224
3240225
3340991
3353471
3390881
349041
349049
3543180
3591
360431
360432
367684
371661
3893181
4000
4001
4002
4025701
404794
404795
404797
416420
416421
416422
416423
431960
431961
489831
489832
489833
495160
511890
511892
526871
598020
598021
598022
629521
629821
730
731
732
735
80
81
920491
920630
95
982970
982976
993091
246621
246624
2237971
265931
344450
425840
463720
